3.970000000000017053e+02 2.937500000000000000e+02 -4.400000000000000355e+00 2.500000000000000000e-01 3.115000000000000000e+02
3.995520000000040000e+02 4.755035000000027594e+02 -5.324000000000001620e+00 9.992500000000001936e-01 5.344592500000024984e+02
3.710000000000000000e+02 2.750000000000000000e+02 -4.000000000000000000e+00 0.000000000000000000e+00 2.750000000000000000e+02
3.978799999999970396e+02 2.920000000000000000e+02 -4.840000000000000746e+00 2.500000000000000000e-01 3.080000000000000000e+02
3.946371999999962554e+02 4.513627999999977760e+02 -5.856400000000002493e+00 9.603999999999999204e-01 5.022639999999973952e+02
3.710000000000000000e+02 2.750000000000000000e+02 -4.000000000000000000e+00 0.000000000000000000e+00 2.750000000000000000e+02
3.978799999999970396e+02 2.920000000000000000e+02 -4.840000000000000746e+00 2.500000000000000000e-01 3.080000000000000000e+02
3.946371999999962554e+02 4.513627999999977760e+02 -5.856400000000002493e+00 9.603999999999999204e-01 5.022639999999973952e+02
3.710000000000000000e+02 2.750000000000000000e+02 -4.000000000000000000e+00 0.000000000000000000e+00 2.750000000000000000e+02
3.978799999999970396e+02 2.920000000000000000e+02 -4.840000000000000746e+00 2.500000000000000000e-01 3.080000000000000000e+02
3.946371999999962554e+02 4.513627999999977760e+02 -5.856400000000002493e+00 9.603999999999999204e-01 5.022639999999973952e+02
3.710000000000000000e+02 2.750000000000000000e+02 -4.000000000000000000e+00 0.000000000000000000e+00 2.750000000000000000e+02
3.978799999999970396e+02 2.920000000000000000e+02 -4.840000000000000746e+00 2.500000000000000000e-01 3.080000000000000000e+02
3.946371999999962554e+02 4.513627999999977760e+02 -5.856400000000002493e+00 9.603999999999999204e-01 5.022639999999973952e+02
3.710000000000000000e+02 2.750000000000000000e+02 -4.000000000000000000e+00 0.000000000000000000e+00 2.750000000000000000e+02
3.978799999999970396e+02 2.920000000000000000e+02 -4.840000000000000746e+00 2.500000000000000000e-01 3.080000000000000000e+02
3.946371999999962554e+02 4.513627999999977760e+02 -5.856400000000002493e+00 9.603999999999999204e-01 5.022639999999973952e+02
3.710000000000000000e+02 2.750000000000000000e+02 -4.000000000000000000e+00 0.000000000000000000e+00 2.750000000000000000e+02
3.978799999999970396e+02 2.920000000000000000e+02 -4.840000000000000746e+00 2.500000000000000000e-01 3.080000000000000000e+02
3.946371999999962554e+02 4.513627999999977760e+02 -5.856400000000002493e+00 9.603999999999999204e-01 5.022639999999973952e+02
3.710000000000000000e+02 2.750000000000000000e+02 -4.000000000000000000e+00 0.000000000000000000e+00 2.750000000000000000e+02
3.978799999999970396e+02 2.920000000000000000e+02 -4.840000000000000746e+00 2.500000000000000000e-01 3.080000000000000000e+02
3.946371999999962554e+02 4.513627999999977760e+02 -5.856400000000002493e+00 9.603999999999999204e-01 5.022639999999973952e+02
3.710000000000000000e+02 2.750000000000000000e+02 -4.000000000000000000e+00 0.000000000000000000e+00 2.750000000000000000e+02
3.978799999999970396e+02 2.920000000000000000e+02 -4.840000000000000746e+00 2.500000000000000000e-01 3.080000000000000000e+02
3.946371999999962554e+02 4.513627999999977760e+02 -5.856400000000002493e+00 9.603999999999999204e-01 5.022639999999973952e+02
3.710000000000000000e+02 2.750000000000000000e+02 -4.000000000000000000e+00 0.000000000000000000e+00 2.750000000000000000e+02
3.978799999999970396e+02 2.920000000000000000e+02 -4.840000000000000746e+00 2.500000000000000000e-01 3.080000000000000000e+02
3.946371999999962554e+02 4.513627999999977760e+02 -5.856400000000002493e+00 9.603999999999999204e-01 5.022639999999973952e+02
3.710000000000000000e+02 2.750000000000000000e+02 -4.000000000000000000e+00 0.000000000000000000e+00 2.750000000000000000e+02
3.978799999999970396e+02 2.920000000000000000e+02 -4.840000000000000746e+00 2.500000000000000000e-01 3.080000000000000000e+02
3.946371999999962554e+02 4.513627999999977760e+02 -5.856400000000002493e+00 9.603999999999999204e-01 5.022639999999973952e+02
3.710000000000000000e+02 2.750000000000000000e+02 -4.000000000000000000e+00 0.000000000000000000e+00 2.750000000000000000e+02
3.978799999999970396e+02 2.920000000000000000e+02 -4.840000000000000746e+00 2.500000000000000000e-01 3.080000000000000000e+02
3.946371999999962554e+02 4.513627999999977760e+02 -5.856400000000002493e+00 9.603999999999999204e-01 5.022639999999973952e+02
3.710000000000000000e+02 2.750000000000000000e+02 -4.000000000000000000e+00 0.000000000000000000e+00 2.750000000000000000e+02
3.978799999999970396e+02 2.920000000000000000e+02 -4.840000000000000746e+00 2.500000000000000000e-01 3.080000000000000000e+02
3.946371999999962554e+02 4.513627999999977760e+02 -5.856400000000002493e+00 9.603999999999999204e-01 5.022639999999973952e+02
3.710000000000000000e+02 2.750000000000000000e+02 -4.000000000000000000e+00 0.000000000000000000e+00 2.750000000000000000e+02
3.978799999999970396e+02 2.920000000000000000e+02 -4.840000000000000746e+00 2.500000000000000000e-01 3.080000000000000000e+02
3.946371999999962554e+02 4.513627999999977760e+02 -5.856400000000002493e+00 9.603999999999999204e-01 5.022639999999973952e+02
3.710000000000000000e+02 2.750000000000000000e+02 -4.000000000000000000e+00 0.000000000000000000e+00 2.750000000000000000e+02
3.978799999999970396e+02 2.920000000000000000e+02 -4.840000000000000746e+00 2.500000000000000000e-01 3.080000000000000000e+02
3.946371999999962554e+02 4.513627999999977760e+02 -5.856400000000002493e+00 9.603999999999999204e-01 5.022639999999973952e+02
3.710000000000000000e+02 2.750000000000000000e+02 -4.000000000000000000e+00 0.000000000000000000e+00 2.750000000000000000e+02
3.978799999999970396e+02 2.920000000000000000e+02 -4.840000000000000746e+00 2.500000000000000000e-01 3.080000000000000000e+02
3.946371999999962554e+02 4.513627999999977760e+02 -5.856400000000002493e+00 9.603999999999999204e-01 5.022639999999973952e+02
3.710000000000000000e+02 2.750000000000000000e+02 -4.000000000000000000e+00 0.000000000000000000e+00 2.750000000000000000e+02
3.978799999999970396e+02 2.920000000000000000e+02 -4.840000000000000746e+00 2.500000000000000000e-01 3.080000000000000000e+02
3.946371999999962554e+02 4.513627999999977760e+02 -5.856400000000002493e+00 9.603999999999999204e-01 5.022639999999973952e+02
3.710000000000000000e+02 2.750000000000000000e+02 -4.000000000000000000e+00 0.000000000000000000e+00 2.750000000000000000e+02
3.978799999999970396e+02 2.920000000000000000e+02 -4.840000000000000746e+00 2.500000000000000000e-01 3.080000000000000000e+02
3.946371999999962554e+02 4.513627999999977760e+02 -5.856400000000002493e+00 9.603999999999999204e-01 5.022639999999973952e+02
3.953985319999978287e+02 2.282985376800032782e+02 -7.086244000000004206e+00 -2.906164559999941499e+00 1.004272970400055840e+02
3.947607700399973965e+02 4.427069026922357580e+02 -8.574355240000006262e+00 4.472509770159860842e+00 4.963770199341544185e+02
3.710000000000000000e+02 2.750000000000000000e+02 -4.000000000000000000e+00 0.000000000000000000e+00 2.750000000000000000e+02
3.978799999999970396e+02 2.590328000000031352e+02 -4.840000000000000746e+00 9.460000000000010068e-02 2.650872000000040316e+02
3.946371999999962554e+02 2.567512035200136893e+02 -5.856400000000002493e+00 1.147753600000471497e-01 2.628342976000172371e+02
3.953985319999978287e+02 2.559357823367278115e+02 -7.086244000000004206e+00 1.137154893762570840e-01 2.609392638692833088e+02
3.947607700399973965e+02 2.522022558750521455e+02 -8.574355240000006262e+00 8.873261886614311478e-02 2.553966301542334065e+02
3.919312328107970416e+02 2.383018823860913358e+02 -1.037496984040000925e+01 -6.775421097134887161e-03 2.380986197531773882e+02
3.996087104926918983e+02 1.975948600117036449e+02 -1.255371350688401400e+01 -3.237293529444017492e-01 1.895016261880933541e+02
3.930807794691124855e+02 8.622329049144764213e+01 -1.518999334332965923e+01 -1.451308715348261114e+00 5.574580746913414941e+01
3.970000000000017053e+02 3.680877654324731907e+02 -4.400000000000000355e+00 1.241170205766287005e+00 4.562108500418811445e+02
3.970000000000017053e+02 2.937500000000000000e+02 -4.400000000000000355e+00 2.500000000000000000e-01 3.115000000000000000e+02
3.995520000000040000e+02 4.454287000000020953e+02 -5.324000000000001620e+00 8.438500000000004331e-01 4.952158500000006143e+02
3.970000000000017053e+02 1.830790249999992625e+02 -4.400000000000000355e+00 -1.225613000000001840e+00 9.606050199999894801e+01
3.970000000000017053e+02 2.937500000000000000e+02 -4.400000000000000355e+00 2.500000000000000000e-01 3.115000000000000000e+02
3.995520000000040000e+02 4.454287000000020953e+02 -5.324000000000001620e+00 8.438500000000004331e-01 4.952158500000006143e+02
3.970000000000017053e+02 1.830790249999992625e+02 -4.400000000000000355e+00 -1.225613000000001840e+00 9.606050199999894801e+01
3.970000000000017053e+02 2.937500000000000000e+02 -4.400000000000000355e+00 2.500000000000000000e-01 3.115000000000000000e+02
3.995520000000040000e+02 4.454287000000020953e+02 -5.324000000000001620e+00 8.438500000000004331e-01 4.952158500000006143e+02
3.970000000000017053e+02 1.830790249999992625e+02 -4.400000000000000355e+00 -1.225613000000001840e+00 9.606050199999894801e+01
3.970000000000017053e+02 2.937500000000000000e+02 -4.400000000000000355e+00 2.500000000000000000e-01 3.115000000000000000e+02
3.995520000000040000e+02 4.454287000000020953e+02 -5.324000000000001620e+00 8.438500000000004331e-01 4.952158500000006143e+02
3.970000000000017053e+02 1.830790249999992625e+02 -4.400000000000000355e+00 -1.225613000000001840e+00 9.606050199999894801e+01
3.970000000000017053e+02 2.937500000000000000e+02 -4.400000000000000355e+00 2.500000000000000000e-01 3.115000000000000000e+02
3.995520000000040000e+02 4.454287000000020953e+02 -5.324000000000001620e+00 8.438500000000004331e-01 4.952158500000006143e+02
3.970000000000017053e+02 1.830790249999992625e+02 -4.400000000000000355e+00 -1.225613000000001840e+00 9.606050199999894801e+01
3.970000000000017053e+02 2.937500000000000000e+02 -4.400000000000000355e+00 2.500000000000000000e-01 3.115000000000000000e+02
3.995520000000040000e+02 4.454287000000020953e+02 -5.324000000000001620e+00 8.438500000000004331e-01 4.952158500000006143e+02
3.970000000000017053e+02 1.830790249999992625e+02 -4.400000000000000355e+00 -1.225613000000001840e+00 9.606050199999894801e+01
3.970000000000017053e+02 2.937500000000000000e+02 -4.400000000000000355e+00 2.500000000000000000e-01 3.115000000000000000e+02
3.995520000000040000e+02 4.454287000000020953e+02 -5.324000000000001620e+00 8.438500000000004331e-01 4.952158500000006143e+02
3.970000000000017053e+02 1.830790249999992625e+02 -4.400000000000000355e+00 -1.225613000000001840e+00 9.606050199999894801e+01
3.970000000000017053e+02 2.937500000000000000e+02 -4.400000000000000355e+00 2.500000000000000000e-01 3.115000000000000000e+02
3.995520000000040000e+02 4.454287000000020953e+02 -5.324000000000001620e+00 8.438500000000004331e-01 4.952158500000006143e+02
3.970000000000017053e+02 1.830790249999992625e+02 -4.400000000000000355e+00 -1.225613000000001840e+00 9.606050199999894801e+01
3.970000000000017053e+02 2.937500000000000000e+02 -4.400000000000000355e+00 2.500000000000000000e-01 3.115000000000000000e+02
3.995520000000040000e+02 4.454287000000020953e+02 -5.324000000000001620e+00 8.438500000000004331e-01 4.952158500000006143e+02
3.970000000000017053e+02 1.830790249999992625e+02 -4.400000000000000355e+00 -1.225613000000001840e+00 9.606050199999894801e+01
3.970000000000017053e+02 2.937500000000000000e+02 -4.400000000000000355e+00 2.500000000000000000e-01 3.115000000000000000e+02
3.995520000000040000e+02 4.454287000000020953e+02 -5.324000000000001620e+00 8.438500000000004331e-01 4.952158500000006143e+02
3.951863200000032066e+02 4.648555950399992298e+02 -6.442040000000003097e+00 -6.398376050000040838e-01 4.341433899999980213e+02
3.949930588000016769e+02 1.753725696421938096e+02 -7.794868400000005693e+00 -2.133379574600051232e+00 9.003738665819187759e+01
3.970000000000017053e+02 2.937500000000000000e+02 -4.400000000000000355e+00 2.500000000000000000e-01 3.115000000000000000e+02
3.970000000000017053e+02 2.937500000000000000e+02 -4.400000000000000355e+00 2.500000000000000000e-01 3.115000000000000000e+02
3.970000000000017053e+02 2.937500000000000000e+02 -4.400000000000000355e+00 2.500000000000000000e-01 3.115000000000000000e+02
3.970000000000017053e+02 2.937500000000000000e+02 -4.400000000000000355e+00 2.500000000000000000e-01 3.115000000000000000e+02
3.970000000000017053e+02 2.937500000000000000e+02 -4.400000000000000355e+00 2.500000000000000000e-01 3.115000000000000000e+02
3.970000000000017053e+02 2.937500000000000000e+02 -4.400000000000000355e+00 2.500000000000000000e-01 3.115000000000000000e+02
3.970000000000017053e+02 2.937500000000000000e+02 -4.400000000000000355e+00 2.500000000000000000e-01 3.115000000000000000e+02
3.970000000000017053e+02 2.937500000000000000e+02 -4.400000000000000355e+00 2.500000000000000000e-01 3.115000000000000000e+02
3.970000000000017053e+02 2.937500000000000000e+02 -4.400000000000000355e+00 2.500000000000000000e-01 3.115000000000000000e+02
3.970000000000017053e+02 2.937500000000000000e+02 -4.400000000000000355e+00 2.500000000000000000e-01 3.115000000000000000e+02
3.970000000000017053e+02 2.937500000000000000e+02 -4.400000000000000355e+00 2.500000000000000000e-01 3.115000000000000000e+02
3.970000000000017053e+02 2.937500000000000000e+02 -4.400000000000000355e+00 2.500000000000000000e-01 3.115000000000000000e+02
3.970000000000017053e+02 2.937500000000000000e+02 -4.400000000000000355e+00 2.500000000000000000e-01 3.115000000000000000e+02
3.970000000000017053e+02 2.937500000000000000e+02 -4.400000000000000355e+00 2.500000000000000000e-01 3.115000000000000000e+02
3.995520000000040000e+02 2.800172999999977037e+02 -5.324000000000001620e+00 -1.084999999999952669e-02 2.793771499999974139e+02
3.951863200000032066e+02 4.102976758399941559e+02 -6.442040000000003097e+00 9.831932949999713234e-01 4.574909539999931098e+02
3.949930588000016769e+02 5.496837478585939607e+02 -7.794868400000005693e+00 7.880630583398857691e-01 5.197373516416798793e+02
3.929663930160029963e+02 3.243702118981124158e+02 -9.431790764000007599e+00 -1.810603922378812625e+00 2.646202824596123833e+02
3.710000000000000000e+02 2.750000000000000000e+02 -4.000000000000000000e+00 0.000000000000000000e+00 2.750000000000000000e+02
3.978799999999970396e+02 2.920000000000000000e+02 -4.840000000000000746e+00 2.500000000000000000e-01 3.080000000000000000e+02
3.946371999999962554e+02 4.513627999999977760e+02 -5.856400000000002493e+00 9.603999999999999204e-01 5.022639999999973952e+02
3.710000000000000000e+02 2.750000000000000000e+02 -4.000000000000000000e+00 0.000000000000000000e+00 2.750000000000000000e+02
3.978799999999970396e+02 2.920000000000000000e+02 -4.840000000000000746e+00 2.500000000000000000e-01 3.080000000000000000e+02
3.946371999999962554e+02 4.513627999999977760e+02 -5.856400000000002493e+00 9.603999999999999204e-01 5.022639999999973952e+02
3.710000000000000000e+02 2.750000000000000000e+02 -4.000000000000000000e+00 0.000000000000000000e+00 2.750000000000000000e+02
3.978799999999970396e+02 2.920000000000000000e+02 -4.840000000000000746e+00 2.500000000000000000e-01 3.080000000000000000e+02
3.946371999999962554e+02 4.513627999999977760e+02 -5.856400000000002493e+00 9.603999999999999204e-01 5.022639999999973952e+02
3.710000000000000000e+02 2.750000000000000000e+02 -4.000000000000000000e+00 0.000000000000000000e+00 2.750000000000000000e+02
3.978799999999970396e+02 2.920000000000000000e+02 -4.840000000000000746e+00 2.500000000000000000e-01 3.080000000000000000e+02
3.946371999999962554e+02 4.513627999999977760e+02 -5.856400000000002493e+00 9.603999999999999204e-01 5.022639999999973952e+02
3.710000000000000000e+02 2.750000000000000000e+02 -4.000000000000000000e+00 0.000000000000000000e+00 2.750000000000000000e+02
3.978799999999970396e+02 2.920000000000000000e+02 -4.840000000000000746e+00 2.500000000000000000e-01 3.080000000000000000e+02
3.946371999999962554e+02 4.513627999999977760e+02 -5.856400000000002493e+00 9.603999999999999204e-01 5.022639999999973952e+02
3.710000000000000000e+02 2.750000000000000000e+02 -4.000000000000000000e+00 0.000000000000000000e+00 2.750000000000000000e+02
3.978799999999970396e+02 2.920000000000000000e+02 -4.840000000000000746e+00 2.500000000000000000e-01 3.080000000000000000e+02
3.946371999999962554e+02 4.513627999999977760e+02 -5.856400000000002493e+00 9.603999999999999204e-01 5.022639999999973952e+02
3.710000000000000000e+02 2.750000000000000000e+02 -4.000000000000000000e+00 0.000000000000000000e+00 2.750000000000000000e+02
3.978799999999970396e+02 2.920000000000000000e+02 -4.840000000000000746e+00 2.500000000000000000e-01 3.080000000000000000e+02
3.946371999999962554e+02 4.513627999999977760e+02 -5.856400000000002493e+00 9.603999999999999204e-01 5.022639999999973952e+02
3.710000000000000000e+02 2.750000000000000000e+02 -4.000000000000000000e+00 0.000000000000000000e+00 2.750000000000000000e+02
3.978799999999970396e+02 2.920000000000000000e+02 -4.840000000000000746e+00 2.500000000000000000e-01 3.080000000000000000e+02
3.946371999999962554e+02 4.513627999999977760e+02 -5.856400000000002493e+00 9.603999999999999204e-01 5.022639999999973952e+02
3.710000000000000000e+02 2.750000000000000000e+02 -4.000000000000000000e+00 0.000000000000000000e+00 2.750000000000000000e+02
3.978799999999970396e+02 2.920000000000000000e+02 -4.840000000000000746e+00 2.500000000000000000e-01 3.080000000000000000e+02
3.946371999999962554e+02 4.513627999999977760e+02 -5.856400000000002493e+00 9.603999999999999204e-01 5.022639999999973952e+02
3.710000000000000000e+02 2.750000000000000000e+02 -4.000000000000000000e+00 0.000000000000000000e+00 2.750000000000000000e+02
3.978799999999970396e+02 2.920000000000000000e+02 -4.840000000000000746e+00 2.500000000000000000e-01 3.080000000000000000e+02
3.946371999999962554e+02 4.513627999999977760e+02 -5.856400000000002493e+00 9.603999999999999204e-01 5.022639999999973952e+02
3.710000000000000000e+02 2.750000000000000000e+02 -4.000000000000000000e+00 0.000000000000000000e+00 2.750000000000000000e+02
3.978799999999970396e+02 2.920000000000000000e+02 -4.840000000000000746e+00 2.500000000000000000e-01 3.080000000000000000e+02
3.946371999999962554e+02 4.513627999999977760e+02 -5.856400000000002493e+00 9.603999999999999204e-01 5.022639999999973952e+02
3.710000000000000000e+02 2.750000000000000000e+02 -4.000000000000000000e+00 0.000000000000000000e+00 2.750000000000000000e+02
3.978799999999970396e+02 2.920000000000000000e+02 -4.840000000000000746e+00 2.500000000000000000e-01 3.080000000000000000e+02
3.946371999999962554e+02 4.513627999999977760e+02 -5.856400000000002493e+00 9.603999999999999204e-01 5.022639999999973952e+02
3.953985319999978287e+02 5.127235689199965236e+02 -7.086244000000004206e+00 -3.435436399999710622e-01 4.976076487599985967e+02
3.947607700399973965e+02 3.373274521908425072e+02 -8.574355240000006262e+00 -1.247408292439957211e+00 2.924207536630040636e+02
3.919312328107970416e+02 1.056884760829586156e+01 -1.037496984040000925e+01 -3.338328388880490660e+00 8.401207216366663033e+01
3.710000000000000000e+02 2.750000000000000000e+02 -4.000000000000000000e+00 0.000000000000000000e+00 2.750000000000000000e+02
3.978799999999970396e+02 3.108383999999969092e+02 -4.840000000000000746e+00 3.387999999999998790e-01 3.325215999999963969e+02
3.946371999999962554e+02 5.342900703999875986e+02 -5.856400000000002493e+00 -1.543047039999901227e+00 4.525085772799918686e+02
3.970000000000017053e+02 2.167543030400082671e+02 -4.400000000000000355e+00 -7.766092927998784479e-01 1.616150432512160933e+02
3.995520000000040000e+02 3.112327741420201050e+02 -5.324000000000001620e+00 2.718671634713569762e+00 4.716344005901217429e+02
3.970000000000017053e+02 2.937500000000000000e+02 -4.400000000000000355e+00 2.500000000000000000e-01 3.115000000000000000e+02
3.995520000000040000e+02 4.926890999999999394e+02 -5.324000000000001620e+00 1.088049999999999962e+00 5.438274499999987484e+02
3.998000000000020009e+02 1.650743600000023434e+02 -4.400000000000000355e+00 -1.249154999999986915e+00 7.638435500000363731e+01
3.970000000000017053e+02 2.937500000000000000e+02 -4.400000000000000355e+00 2.500000000000000000e-01 3.115000000000000000e+02
3.995520000000040000e+02 4.926890999999999394e+02 -5.324000000000001620e+00 1.088049999999999962e+00 5.438274499999987484e+02
3.998000000000020009e+02 1.650743600000023434e+02 -4.400000000000000355e+00 -1.249154999999986915e+00 7.638435500000363731e+01
3.970000000000017053e+02 2.937500000000000000e+02 -4.400000000000000355e+00 2.500000000000000000e-01 3.115000000000000000e+02
3.995520000000040000e+02 4.926890999999999394e+02 -5.324000000000001620e+00 1.088049999999999962e+00 5.438274499999987484e+02
3.998000000000020009e+02 1.650743600000023434e+02 -4.400000000000000355e+00 -1.249154999999986915e+00 7.638435500000363731e+01
3.970000000000017053e+02 2.937500000000000000e+02 -4.400000000000000355e+00 2.500000000000000000e-01 3.115000000000000000e+02
3.995520000000040000e+02 4.926890999999999394e+02 -5.324000000000001620e+00 1.088049999999999962e+00 5.438274499999987484e+02
3.998000000000020009e+02 1.650743600000023434e+02 -4.400000000000000355e+00 -1.249154999999986915e+00 7.638435500000363731e+01
3.970000000000017053e+02 2.937500000000000000e+02 -4.400000000000000355e+00 2.500000000000000000e-01 3.115000000000000000e+02
3.995520000000040000e+02 4.926890999999999394e+02 -5.324000000000001620e+00 1.088049999999999962e+00 5.438274499999987484e+02
3.998000000000020009e+02 1.650743600000023434e+02 -4.400000000000000355e+00 -1.249154999999986915e+00 7.638435500000363731e+01
3.970000000000017053e+02 2.937500000000000000e+02 -4.400000000000000355e+00 2.500000000000000000e-01 3.115000000000000000e+02
3.995520000000040000e+02 4.926890999999999394e+02 -5.324000000000001620e+00 1.088049999999999962e+00 5.438274499999987484e+02
3.998000000000020009e+02 1.650743600000023434e+02 -4.400000000000000355e+00 -1.249154999999986915e+00 7.638435500000363731e+01
3.970000000000017053e+02 2.937500000000000000e+02 -4.400000000000000355e+00 2.500000000000000000e-01 3.115000000000000000e+02
3.995520000000040000e+02 4.926890999999999394e+02 -5.324000000000001620e+00 1.088049999999999962e+00 5.438274499999987484e+02
3.998000000000020009e+02 1.650743600000023434e+02 -4.400000000000000355e+00 -1.249154999999986915e+00 7.638435500000363731e+01
3.970000000000017053e+02 2.937500000000000000e+02 -4.400000000000000355e+00 2.500000000000000000e-01 3.115000000000000000e+02
3.995520000000040000e+02 4.926890999999999394e+02 -5.324000000000001620e+00 1.088049999999999962e+00 5.438274499999987484e+02
3.998000000000020009e+02 1.650743600000023434e+02 -4.400000000000000355e+00 -1.249154999999986915e+00 7.638435500000363731e+01
3.979520000000042046e+02 4.773914706959952241e+02 -5.324000000000001620e+00 3.362419707999940055e+00 4.269551750759959532e+02
3.970000000000017053e+02 2.937500000000000000e+02 -4.400000000000000355e+00 2.500000000000000000e-01 3.115000000000000000e+02
3.970000000000017053e+02 2.937500000000000000e+02 -4.400000000000000355e+00 2.500000000000000000e-01 3.115000000000000000e+02
3.970000000000017053e+02 2.937500000000000000e+02 -4.400000000000000355e+00 2.500000000000000000e-01 3.115000000000000000e+02
3.970000000000017053e+02 2.937500000000000000e+02 -4.400000000000000355e+00 2.500000000000000000e-01 3.115000000000000000e+02
3.970000000000017053e+02 2.937500000000000000e+02 -4.400000000000000355e+00 2.500000000000000000e-01 3.115000000000000000e+02
3.995520000000040000e+02 4.755035000000027594e+02 -5.324000000000001620e+00 9.992500000000001936e-01 5.344592500000024984e+02
3.710000000000000000e+02 2.750000000000000000e+02 -4.000000000000000000e+00 0.000000000000000000e+00 2.750000000000000000e+02
3.978799999999970396e+02 2.920000000000000000e+02 -4.840000000000000746e+00 2.500000000000000000e-01 3.080000000000000000e+02
3.946371999999962554e+02 4.513627999999977760e+02 -5.856400000000002493e+00 9.603999999999999204e-01 5.022639999999973952e+02
3.710000000000000000e+02 2.750000000000000000e+02 -4.000000000000000000e+00 0.000000000000000000e+00 2.750000000000000000e+02
3.978799999999970396e+02 2.920000000000000000e+02 -4.840000000000000746e+00 2.500000000000000000e-01 3.080000000000000000e+02
3.946371999999962554e+02 4.513627999999977760e+02 -5.856400000000002493e+00 9.603999999999999204e-01 5.022639999999973952e+02
3.710000000000000000e+02 2.750000000000000000e+02 -4.000000000000000000e+00 0.000000000000000000e+00 2.750000000000000000e+02
3.978799999999970396e+02 2.920000000000000000e+02 -4.840000000000000746e+00 2.500000000000000000e-01 3.080000000000000000e+02
3.946371999999962554e+02 4.513627999999977760e+02 -5.856400000000002493e+00 9.603999999999999204e-01 5.022639999999973952e+02
3.710000000000000000e+02 2.750000000000000000e+02 -4.000000000000000000e+00 0.000000000000000000e+00 2.750000000000000000e+02
3.978799999999970396e+02 2.920000000000000000e+02 -4.840000000000000746e+00 2.500000000000000000e-01 3.080000000000000000e+02
3.946371999999962554e+02 4.513627999999977760e+02 -5.856400000000002493e+00 9.603999999999999204e-01 5.022639999999973952e+02
3.710000000000000000e+02 2.750000000000000000e+02 -4.000000000000000000e+00 0.000000000000000000e+00 2.750000000000000000e+02
3.978799999999970396e+02 2.920000000000000000e+02 -4.840000000000000746e+00 2.500000000000000000e-01 3.080000000000000000e+02
3.946371999999962554e+02 4.513627999999977760e+02 -5.856400000000002493e+00 9.603999999999999204e-01 5.022639999999973952e+02
3.710000000000000000e+02 2.750000000000000000e+02 -4.000000000000000000e+00 0.000000000000000000e+00 2.750000000000000000e+02
3.978799999999970396e+02 2.920000000000000000e+02 -4.840000000000000746e+00 2.500000000000000000e-01 3.080000000000000000e+02
3.946371999999962554e+02 4.513627999999977760e+02 -5.856400000000002493e+00 9.603999999999999204e-01 5.022639999999973952e+02
3.710000000000000000e+02 2.750000000000000000e+02 -4.000000000000000000e+00 0.000000000000000000e+00 2.750000000000000000e+02
3.978799999999970396e+02 2.920000000000000000e+02 -4.840000000000000746e+00 2.500000000000000000e-01 3.080000000000000000e+02
3.946371999999962554e+02 4.513627999999977760e+02 -5.856400000000002493e+00 9.603999999999999204e-01 5.022639999999973952e+02
3.710000000000000000e+02 2.750000000000000000e+02 -4.000000000000000000e+00 0.000000000000000000e+00 2.750000000000000000e+02
3.978799999999970396e+02 2.920000000000000000e+02 -4.840000000000000746e+00 2.500000000000000000e-01 3.080000000000000000e+02
3.946371999999962554e+02 4.513627999999977760e+02 -5.856400000000002493e+00 9.603999999999999204e-01 5.022639999999973952e+02
3.710000000000000000e+02 2.750000000000000000e+02 -4.000000000000000000e+00 0.000000000000000000e+00 2.750000000000000000e+02
3.978799999999970396e+02 2.920000000000000000e+02 -4.840000000000000746e+00 2.500000000000000000e-01 3.080000000000000000e+02
3.946371999999962554e+02 4.513627999999977760e+02 -5.856400000000002493e+00 9.603999999999999204e-01 5.022639999999973952e+02
3.710000000000000000e+02 2.750000000000000000e+02 -4.000000000000000000e+00 0.000000000000000000e+00 2.750000000000000000e+02
3.978799999999970396e+02 2.920000000000000000e+02 -4.840000000000000746e+00 2.500000000000000000e-01 3.080000000000000000e+02
3.946371999999962554e+02 4.003326000000004683e+02 -5.856400000000002493e+00 6.717999999999999527e-01 4.359380000000014661e+02
3.953985319999978287e+02 5.193114225800040913e+02 -7.086244000000004206e+00 -1.118306380000019029e+00 4.701059418600025310e+02
3.947607700399973965e+02 2.929430177160965627e+02 -8.574355240000006262e+00 -1.415209639136028930e+00 2.419954707071992175e+02
3.970000000000017053e+02 2.937500000000000000e+02 -4.400000000000000355e+00 2.500000000000000000e-01 3.115000000000000000e+02
3.970000000000017053e+02 2.937500000000000000e+02 -4.400000000000000355e+00 2.500000000000000000e-01 3.115000000000000000e+02
3.970000000000017053e+02 2.937500000000000000e+02 -4.400000000000000355e+00 2.500000000000000000e-01 3.115000000000000000e+02
3.970000000000017053e+02 2.937500000000000000e+02 -4.400000000000000355e+00 2.500000000000000000e-01 3.115000000000000000e+02
3.970000000000017053e+02 2.937500000000000000e+02 -4.400000000000000355e+00 2.500000000000000000e-01 3.115000000000000000e+02
3.970000000000017053e+02 2.937500000000000000e+02 -4.400000000000000355e+00 2.500000000000000000e-01 3.115000000000000000e+02
3.970000000000017053e+02 2.937500000000000000e+02 -4.400000000000000355e+00 2.500000000000000000e-01 3.115000000000000000e+02
3.970000000000017053e+02 2.937500000000000000e+02 -4.400000000000000355e+00 2.500000000000000000e-01 3.115000000000000000e+02
3.970000000000017053e+02 2.937500000000000000e+02 -4.400000000000000355e+00 2.500000000000000000e-01 3.115000000000000000e+02
3.970000000000017053e+02 2.937500000000000000e+02 -4.400000000000000355e+00 2.500000000000000000e-01 3.115000000000000000e+02
3.970000000000017053e+02 2.937500000000000000e+02 -4.400000000000000355e+00 2.500000000000000000e-01 3.115000000000000000e+02
3.970000000000017053e+02 2.937500000000000000e+02 -4.400000000000000355e+00 2.500000000000000000e-01 3.115000000000000000e+02
3.970000000000017053e+02 2.937500000000000000e+02 -4.400000000000000355e+00 2.500000000000000000e-01 3.115000000000000000e+02
3.970000000000017053e+02 2.937500000000000000e+02 -4.400000000000000355e+00 2.500000000000000000e-01 3.115000000000000000e+02
3.970000000000017053e+02 2.937500000000000000e+02 -4.400000000000000355e+00 2.500000000000000000e-01 3.115000000000000000e+02
3.970000000000017053e+02 2.937500000000000000e+02 -4.400000000000000355e+00 2.500000000000000000e-01 3.115000000000000000e+02
3.995520000000040000e+02 4.518732999999979256e+02 -5.324000000000001620e+00 8.771499999999998742e-01 5.036251499999962675e+02
3.951863200000032066e+02 4.751178473599994732e+02 -6.442040000000003097e+00 -5.229756949999565530e-01 4.500150140000015426e+02
3.970000000000017053e+02 2.332299842974992714e+02 -4.400000000000000355e+00 -5.569335427000214889e-01 1.936877027657976669e+02
3.995520000000040000e+02 1.799438133238916748e+01 -5.324000000000001620e+00 -6.976298274719561210e-01 2.287779012469286499e+01
3.951863200000032066e+02 1.389506259394690630e+02 -6.442040000000003097e+00 8.381737827466141377e-01 1.791829675113069413e+02
3.949930588000016769e+02 3.191043987534157509e+02 -7.794868400000005693e+00 1.157578417993997633e+00 3.654075354731753009e+02
3.929663930160029963e+02 4.734311623212625477e+02 -9.431790764000007599e+00 1.060319855640783793e+00 5.084217175574084422e+02
3.891936767104032242e+02 5.018435253647198806e+02 -1.141246682444001159e+01 -7.321184614079181419e-01 4.820763269067056171e+02
3.955846581320902260e+02 3.604521179645148550e+02 -1.380908485757241699e+01 -1.575747116176420048e+00 3.242099342924566372e+02
3.857802078832131656e+02 1.181162381954103893e+02 -1.670899267766262497e+01 -3.819564107860134339e+00 4.936408425392802712e+01
3.912941754668420344e+02 2.506829980985674808e+02 -2.021788113997177661e+01 5.137094956796935286e+00 3.277394224505216016e+02
3.710000000000000000e+02 2.750000000000000000e+02 -4.000000000000000000e+00 0.000000000000000000e+00 2.750000000000000000e+02
3.978799999999970396e+02 5.157059999999993352e+02 -4.840000000000000746e+00 1.304499999999999771e+00 5.026609999999992624e+02
3.710000000000000000e+02 2.750000000000000000e+02 -4.000000000000000000e+00 0.000000000000000000e+00 2.750000000000000000e+02
3.978799999999970396e+02 4.427071999999973286e+02 -4.840000000000000746e+00 9.603999999999999204e-01 5.041727999999968688e+02
3.946371999999962554e+02 2.148105055999990896e+02 -5.856400000000002493e+00 -2.441379199999965000e+00 8.541740800000059153e+01
3.953985319999978287e+02 5.492021552543952794e+02 -7.086244000000004206e+00 -4.890842606719949082e+00 3.340050805587171681e+02
3.947607700399973965e+02 4.956045220984372008e+02 -8.574355240000006262e+00 6.622243386356067241e+00 3.764041411440284151e+02
3.919312328107970416e+02 5.545730465199708306e+02 -1.037496984040000925e+01 -8.883287840680901937e+00 2.880744112995438400e+02
3.710000000000000000e+02 2.750000000000000000e+02 -4.000000000000000000e+00 0.000000000000000000e+00 2.750000000000000000e+02
3.970000000000017053e+02 2.937500000000000000e+02 -4.400000000000000355e+00 2.500000000000000000e-01 3.115000000000000000e+02
3.995520000000040000e+02 4.673536943607474541e+02 -5.324000000000001620e+00 9.571390035398484875e-01 5.238248955695986524e+02
3.951863200000032066e+02 2.580343709856211944e+02 -6.442040000000003097e+00 -2.197901193905909878e+00 1.525351136781370087e+02
3.949930588000016769e+02 2.666555649241926744e+02 -7.794868400000005693e+00 2.633185709362597215e+00 3.719829932986958170e+02
3.929663930160029963e+02 2.703655761405918838e+02 -9.431790764000007599e+00 -3.511966372503341649e+00 1.544706858479816276e+02
3.891936767104032242e+02 2.669018980767515927e+02 -1.141246682444001159e+01 3.890545258106990811e+00 3.719466200456408842e+02
3.710000000000000000e+02 2.750000000000000000e+02 -4.000000000000000000e+00 0.000000000000000000e+00 2.750000000000000000e+02
3.978799999999970396e+02 3.488286351012820887e+02 -4.840000000000000746e+00 5.178774628946042347e-01 3.819727927265366816e+02
3.946371999999962554e+02 4.931405200697948885e+02 -5.856400000000002493e+00 -1.429248945097201462e+00 4.173903259796440466e+02
3.710000000000000000e+02 2.750000000000000000e+02 -4.000000000000000000e+00 0.000000000000000000e+00 2.750000000000000000e+02
3.978799999999970396e+02 3.488286351012820887e+02 -4.840000000000000746e+00 5.178774628946042347e-01 3.819727927265366816e+02
3.946371999999962554e+02 4.931405200697948885e+02 -5.856400000000002493e+00 -1.429248945097201462e+00 4.173903259796440466e+02
3.710000000000000000e+02 2.750000000000000000e+02 -4.000000000000000000e+00 0.000000000000000000e+00 2.750000000000000000e+02
9.248200000000271075e+02 6.274305204629060881e+02 -4.840000000000000746e+00 5.178774628946042347e-01 7.045942624342019371e+02
9.264656000000455833e+02 7.700865604418045223e+02 -5.856400000000002493e+00 -8.620026938393718918e-01 6.631982264057223802e+02
9.258213960000277893e+02 1.020771429564323967e+02 -7.086244000000004206e+00 -1.682766373027495099e+00 6.842181549588258349e+01
8.975000000000000000e+02 4.875000000000000000e+02 -4.000000000000000000e+00 0.000000000000000000e+00 4.875000000000000000e+02
