3.970000000000017053e+02 2.937500000000000000e+02 -4.400000000000000355e+00 2.500000000000000000e-01 3.115000000000000000e+02
3.710000000000000000e+02 2.750000000000000000e+02 -4.000000000000000000e+00 0.000000000000000000e+00 2.750000000000000000e+02
5.119599999999938404e+02 3.867500000000000000e+02 -4.840000000000000746e+00 2.500000000000000000e-01 4.075000000000000000e+02
5.097335999999914975e+02 6.051266461768949512e+02 -5.856400000000002493e+00 9.952212263122712788e-01 6.728016895661320405e+02
5.119590319999950339e+02 3.475572864107961664e+02 -7.086244000000004206e+00 -2.645841338534443921e+00 1.967443301143322003e+02
5.125259315199940602e+02 4.650568876553853102e+02 -8.574355240000006262e+00 3.612258560349176584e+00 6.348330399917985005e+02
5.120000000000022737e+02 3.890000000000000000e+02 -4.400000000000000355e+00 2.500000000000000000e-01 4.117500000000000000e+02
5.109880000000087534e+02 6.338633849180191646e+02 -5.324000000000001620e+00 1.017125461088233429e+00 7.101477944996340739e+02
5.078468400000076599e+02 2.009844008441747860e+02 -6.442040000000003097e+00 -3.282342868602611929e+00 -2.520857009186840969e+00
5.086843052000032799e+02 7.271367483940003922e+02 -7.794868400000005693e+00 4.663945175823309697e+00 4.986034347786586522e+02
5.120000000000022737e+02 3.890000000000000000e+02 -4.400000000000000355e+00 2.500000000000000000e-01 4.117500000000000000e+02
